BIPOP2DTransposed  = [0.0000e+00  0.0000e+00  0.0000e+00  0.0000e+00  0.0000e+00  0.0000e+00  0.0000e+00  0.0000e+00  0.0000e+00  0.0000e+00  0.0000e+00  0.0000e+00  0.0000e+00  0.0000e+00  0.0000e+00; 
                      0.0000e+00  0.0000e+00  0.0000e+00  0.0000e+00  0.0000e+00  0.0000e+00  0.0000e+00  0.0000e+00  0.0000e+00  0.0000e+00  0.0000e+00  0.0000e+00  0.0000e+00  0.0000e+00  0.0000e+00; 
                      0.0000e+00  0.0000e+00  0.0000e+00  0.0000e+00  0.0000e+00  0.0000e+00  9.9496e-01  0.0000e+00  0.0000e+00  0.0000e+00  4.2633e-14  0.0000e+00  0.0000e+00  0.0000e+00  0.0000e+00; 
                      1.4766e+00  9.8166e-01  1.2518e+00  0.0000e+00  9.9496e-01  9.9496e-01  1.3902e+00  2.5949e+00  9.9496e-01  1.9899e+00  5.5204e-01  9.9496e-01  9.9496e-01  9.9496e-01  3.8292e-08; 
                      0.0000e+00  0.0000e+00  0.0000e+00  0.0000e+00  0.0000e+00  0.0000e+00  0.0000e+00  0.0000e+00  0.0000e+00  0.0000e+00 -3.5527e-15  0.0000e+00  0.0000e+00  1.4211e-14 -8.8818e-16; 
                      0.0000e+00  0.0000e+00  0.0000e+00  0.0000e+00  0.0000e+00  0.0000e+00  0.0000e+00  0.0000e+00  0.0000e+00  0.0000e+00  0.0000e+00  1.7764e-15  0.0000e+00  0.0000e+00  0.0000e+00; 
                      0.0000e+00  0.0000e+00  0.0000e+00  0.0000e+00  0.0000e+00  0.0000e+00  0.0000e+00  0.0000e+00  0.0000e+00  0.0000e+00  0.0000e+00  0.0000e+00  0.0000e+00  0.0000e+00  0.0000e+00; 
                      0.0000e+00  0.0000e+00  0.0000e+00  0.0000e+00  0.0000e+00  0.0000e+00  0.0000e+00  0.0000e+00  0.0000e+00  0.0000e+00  0.0000e+00  0.0000e+00  0.0000e+00  0.0000e+00  0.0000e+00; 
                      0.0000e+00  0.0000e+00  0.0000e+00  0.0000e+00  0.0000e+00  0.0000e+00  0.0000e+00  0.0000e+00  0.0000e+00  0.0000e+00  0.0000e+00  0.0000e+00  0.0000e+00  0.0000e+00  0.0000e+00; 
                      0.0000e+00  0.0000e+00  0.0000e+00  0.0000e+00  0.0000e+00  0.0000e+00  0.0000e+00  0.0000e+00  0.0000e+00  0.0000e+00  0.0000e+00  0.0000e+00  0.0000e+00  0.0000e+00  0.0000e+00; 
                      0.0000e+00  0.0000e+00  0.0000e+00  0.0000e+00  0.0000e+00  0.0000e+00  0.0000e+00  0.0000e+00  0.0000e+00  0.0000e+00  0.0000e+00  0.0000e+00  0.0000e+00  0.0000e+00  0.0000e+00; 
                      0.0000e+00  0.0000e+00  0.0000e+00  0.0000e+00  0.0000e+00  0.0000e+00  0.0000e+00  0.0000e+00  0.0000e+00  1.0658e-14  3.8411e-02  0.0000e+00  0.0000e+00  0.0000e+00  0.0000e+00; 
                      4.4054e-13  4.5475e-13  1.1369e-13  2.2737e-13  5.4001e-13  2.6148e-12  1.4921e-13  4.5475e-13  0.0000e+00  7.1054e-14  5.6843e-14  2.8422e-13  5.3291e-15  8.4412e-12  5.7980e-12; 
                      7.1054e-15  2.8422e-14  1.2790e-13  5.6843e-14  9.9476e-14  1.4211e-14  3.5527e-13  1.0003e-13  4.9738e-14  2.2737e-13  7.8160e-14  7.8160e-14  3.5527e-14  2.8422e-14  4.0856e-14; 
                      0.0000e+00  0.0000e+00  9.9496e-01  0.0000e+00  0.0000e+00  0.0000e+00  9.9496e-01  0.0000e+00  0.0000e+00  0.0000e+00  4.9054e-01  0.0000e+00  9.9496e-01  0.0000e+00  0.0000e+00; 
                      0.0000e+00  0.0000e+00  0.0000e+00  0.0000e+00  0.0000e+00  0.0000e+00  0.0000e+00  0.0000e+00  0.0000e+00  0.0000e+00  0.0000e+00  0.0000e+00  0.0000e+00  0.0000e+00  0.0000e+00; 
                      3.5527e-13  1.2079e-13  2.2737e-13  4.2633e-13  4.2633e-13  4.2633e-13  1.9895e-13  6.8212e-13  4.5608e-13  3.2685e-13  3.4106e-13  4.6185e-13  2.5580e-13  6.2528e-13  3.9790e-13; 
                      1.8119e-13  1.8829e-13  1.7053e-13  3.1312e+00  3.4106e-13  4.2633e-13  4.9738e-13  1.9895e-13  1.3962e-13  5.5067e-14  2.8422e-14  3.0553e-13  7.1054e-13  4.8317e-13  7.1429e-06; 
                      0.0000e+00  0.0000e+00  0.0000e+00  0.0000e+00  0.0000e+00  0.0000e+00  0.0000e+00  0.0000e+00  0.0000e+00  0.0000e+00  0.0000e+00  0.0000e+00  1.5708e-02  8.6905e-03  0.0000e+00; 
                      1.0857e+00  0.0000e+00  0.0000e+00  0.0000e+00  2.6645e-15  7.6713e-01  2.0642e-02  1.7764e-15  5.9219e-01  1.7764e-15  1.1360e-10  4.9957e-02  5.9219e-01  7.1054e-15  0.0000e+00; 
                      0.0000e+00  0.0000e+00  0.0000e+00  6.9186e-01  0.0000e+00  0.0000e+00  0.0000e+00  0.0000e+00  0.0000e+00  0.0000e+00  0.0000e+00  4.8661e-08  0.0000e+00  0.0000e+00  0.0000e+00; 
                      0.0000e+00  0.0000e+00  0.0000e+00  0.0000e+00  0.0000e+00  3.8582e-01  0.0000e+00  0.0000e+00  0.0000e+00  0.0000e+00  0.0000e+00  0.0000e+00  0.0000e+00  6.9186e-01  0.0000e+00; 
                      5.8182e-01  3.8799e-10  1.7133e-01  1.8650e-10  1.0410e-09  1.8557e-10  1.0157e-09  3.0434e-10  2.1278e-10  4.8870e-02  2.6722e-10  1.2294e-01  1.1258e-10  3.3526e-10  3.5567e-10; 
                      2.1052e+00  9.4655e-01  1.5176e+00  2.2016e+00  9.3265e-01  4.2955e-01  4.0868e-01  2.1242e+00  0.0000e+00  8.7137e-01  2.0015e+00  3.1363e-01  2.4424e+00  2.4604e+00  2.6628e-01];

